
Distance between is =    1 (C), ia =    1 and
 is =    1 (C), ia =    1 :    0.000000000    
 is =    1 (C), ia =    2 :    2.913049651    

Distance between is =    1 (C), ia =    2 and
 is =    1 (C), ia =    1 :    2.913049651    
 is =    1 (C), ia =    2 :    0.000000000    
