
Species :    1 (C), atom :    1
 n =  1, l =  0, k =  1 :   -9.287893356    

Species :    1 (C), atom :    2
 n =  1, l =  0, k =  1 :   -9.287893356    
